id,Class_1,Class_2,Class_3,Class_4,Class_5,Class_6,Class_7,Class_8,Class_9
1,0.0006820669082307607,0.40410872716835494,0.4483308379817688,0.12785277296772332,0.0008019485872502805,0.00021322411530671806,0.01780676000099406,2.8505950136397947e-05,0.00017515627540173805
2,0.000811307014170434,1.4429877391904817e-05,1.4782778940322857e-05,6.477622064083157e-06,3.747791876845568e-05,0.0002459769164511564,0.00020068653682871765,0.9985455801902703,0.000123281045260002
3,0.0004506453373848543,0.00942166624911252,0.001124035417488498,0.2569485851983453,5.900152424442162e-05,0.7188036047334333,0.010855653606705248,0.0003647330239748107,0.0019720748374306585
4,0.19460749325833715,0.04245107468236528,0.023649210258582243,0.0017545875501913679,0.03718992238279417,0.0014625696951253216,0.014623033913226412,0.1119885247611682,0.5722735834409826
5,4.083478935451106e-05,0.8709923935487562,0.1018997410583533,0.020164255869672874,0.0006398401438303477,5.014779926328559e-05,0.006141766242004354,2.8664795007874835e-05,4.23556666579434e-05
6,5.0782843666350407e-05,0.9706109168015722,0.025471357063078192,0.000497193302378622,0.0017042008133069436,5.233689310565944e-05,0.0012253148557501458,0.0003577514391988166,3.014589088201911e-05
7,0.0005368355194297778,0.9389123825721203,0.04461520347775478,0.014495885688620891,0.0004023750418697032,3.8298146505160154e-05,3.0691137599308346e-05,0.0002234686226869639,0.0007448596995217773
8,7.701563516060632e-06,0.9787584208219063,0.015886108414462287,0.004728542582552166,0.0002030253350073222,9.812644856485283e-06,0.0003615178719357681,7.555960632437941e-06,3.731470725530239e-05
9,0.0005932297714792741,0.3461947501709494,0.6123266154821893,0.007898485866838166,0.000248692084969979,0.00022091276427739062,0.03241188426050404,1.940529234595605e-05,8.602424521392489e-05
10,1.2103630528320364e-05,0.49507646643438014,0.3857638559114688,0.11390853441628686,0.001363434554124601,0.00012124990884968464,0.0027955590556420465,4.069302248802794e-05,0.0009181030167240145
11,0.014482832159286387,0.0001389188970968851,1.960845557488411e-05,0.004332871651645147,0.00020951926599014638,0.8475228562257365,0.0023645140995495295,0.002826203102279154,0.12810267605808912
12,0.009387816902848903,7.597090906970468e-05,8.934086218605559e-05,0.0007980563335726434,0.0001348188220994331,0.01864312769756284,6.476239002155679e-05,0.9639239947044425,0.006882111281804009
13,0.0002674616265785788,0.7386434978399368,0.23646854763415975,0.0008155771359075254,0.0022793321518442943,0.005206024942589041,0.00283230427770904,0.01342641333462736,6.08409827832015e-05
14,0.022524330109848324,0.0010347083699147118,0.001038319779186751,5.507986714046475e-05,0.0004219344911313517,0.016929227802473804,0.02052227486463711,0.8804169982109693,0.0570571264166566
15,0.00019721414403188426,0.0018733852459643081,0.0004806750757698871,0.0007088934486321817,0.9945885502064862,0.00016693103638629333,0.00028358827188007724,0.0014535796721496792,0.00024718279924065546
16,0.00011026621439965798,0.0033128762781117114,0.008738526772689029,0.026597299247906363,0.00015975147934613217,0.5264394108253747,0.4330877067903993,0.0008580194867335545,0.0006961428523955446
17,8.618290759698117e-05,1.846369457542278e-05,0.0002521651125564347,6.48699608698308e-05,0.00033262265408554276,0.9972977668123768,0.0005855614247644892,0.0004148392380467178,0.0009475280953979339
18,0.00016420320783017036,0.810104635067698,0.10446016529216262,0.04405067005063612,0.0012243320506686146,0.018496528475295086,0.001633656610120011,0.007245337921092163,0.012620471243486637
19,0.00024066612349532915,0.9216675621534144,0.07112664489923314,0.0030082259236456957,0.0014861380293219144,1.6237813341620288e-05,0.00012232856907118582,0.0005955806518231226,0.0017366157444867322
20,0.00013072146444020492,0.815100741111176,0.1686063238382155,0.013335601418021818,0.00029224310002544255,4.656876730298444e-05,0.002364506763144991,3.733797125663736e-05,8.595548490622822e-05
21,0.026546273501458627,0.0002038672426235171,4.624506695772985e-05,0.0007358494541113114,0.0002131064434472994,0.9296654084912993,0.012810545877353783,0.0003916764307370095,0.029387027399045015
22,0.00416090824679682,6.345306144408551e-05,4.526940346350429e-06,0.0004314480954258828,7.348266051769911e-05,0.9794911781886202,0.00922850126149612,0.005908367409465537,0.0006381340379380717
23,0.00011521071533997058,0.3297601656098144,0.6576170301742288,0.0007023249629058858,0.0004768256631286836,0.0037319492079515982,0.0008082954716160139,0.006721087102241686,6.71110270112193e-05
24,0.0034023567236396825,0.0003273754496059736,0.0008105793440487932,4.927938773012708e-05,0.00020278760573819176,0.0009743147102969264,0.014090981778896465,0.9785152116788458,0.0016271132233466159
25,0.0012681695640457307,9.90755646296351e-05,6.65669537700994e-06,0.0018633843976580578,3.719716178561045e-05,0.9898412118505809,0.003735075716428186,0.001935542416662526,0.0012136865338483911
26,0.00010270244135792668,0.5826916523425856,0.4023945756040031,0.014064492948009327,0.00013934228552889554,6.541774147308126e-05,0.00028763395057739526,0.0001240718396649733,0.00013011078853060026
27,0.601049034977769,0.0020170297896825724,5.68174062532204e-05,0.0010190895400664442,0.00024932692195260277,0.06750639391459298,0.004769213686609204,0.15779791891491102,0.1655351747880581
28,0.0009723970740287515,0.9447582368599848,0.029169726961656022,0.011840770823085158,0.0025785544858814053,0.0008533520677760317,0.0045022611495672575,0.0026319881809516972,0.0026927123025929905
29,0.001242912890906244,0.000566706249547805,0.0016532688520580518,0.0001209937510017546,1.2034251731701561e-05,0.0058034121322516055,0.9880095404366274,0.0004179559831405388,0.002173175353934087
30,5.943989747595085e-05,0.6588513404997934,0.2561726272605939,0.08069811929180913,0.00026882998534119996,0.00010299855686694991,0.0036350360564935866,1.2232576345566332e-05,0.00019937580939517443
31,6.912567780634213e-05,5.864858233536054e-05,3.937240659413804e-05,0.00024748640124412456,2.993919904250658e-05,0.9973123664090394,0.0020002166104013544,0.0001472325588385327,9.561205496692132e-05
32,0.00034015676972636385,0.0001427719187827623,0.00036255482245444365,8.229752675843958e-05,0.0003909236087541157,0.027163544687480723,0.020393638510547582,0.9488793145972765,0.0022447974633310326
33,0.0002028624015373156,0.004566887287673457,0.0012453544987772068,0.0008753769370676394,0.9911126536127951,0.0001579313328413091,0.0004596344065742982,0.001131220409841229,0.0002480790137811172
34,0.010331935267202177,0.02342465429656326,0.006547075986748025,0.2404069214990718,0.6392081944997975,0.013241189210179317,0.01171925185771665,0.045154012552047304,0.00996676476675319
35,0.007216792421612521,0.6991678420010806,0.19358563325548617,0.0364937150685037,0.0009183394376271635,0.001580543327843605,0.05944069103759733,0.0006847387006568005,0.0009117046796752406
36,0.0003945803659779907,3.326706871341219e-05,1.3771689398610385e-05,0.00016517410995022707,7.212537265624129e-06,0.9913828409533152,0.004770076824309965,0.003137685831242619,9.539052068804993e-05
37,0.0012771381302936974,0.00011180996642248758,7.531710958151165e-06,0.0012005276043126007,5.6365466361020676e-05,0.9888147881398801,0.00556234830026846,0.0023237650576672453,0.0006457255249544331
38,0.008377161827262206,8.81190875360619e-06,8.325608265278589e-05,5.025093722583418e-05,0.0003312557399642199,0.01976103138854547,0.0004336755359018014,0.9615727420119442,0.009381814471592441
39,2.1467539622748842e-05,0.6474716183983471,0.34323493410471856,0.00527622694693322,0.0006289796363655747,3.267977136598073e-05,0.0026449878792069188,0.0004922530465754414,0.00019685261211728247
40,0.0023086875536124144,0.0002634088452799044,0.0004225403625297883,7.946189056520947e-06,0.0007692051736981103,3.011536302576726e-05,0.0003997727848412246,0.9811632415155003,0.01463508211433965
41,9.019879588684659e-05,0.3313815175519426,0.6360775569525139,0.028767423671368923,0.00111672848035055,5.108835467911996e-05,0.002249272706529954,0.00019949585344410093,6.671756967624982e-05
42,0.017852314903347977,0.004124528973785771,0.00040713051561441343,0.07641349235998787,0.0014935148892510385,0.7843083864669568,0.00790601167003522,0.056981821030650845,0.050512799111939254
43,0.07094031400918106,0.4502880588718388,0.19191024609458726,0.0015234094785985832,0.0002561692912890016,0.05293166390639171,0.22709309648067866,0.003149356387823648,0.001907685434582474
44,0.00014252651715093554,0.25205089869575226,0.7405538912833662,0.0010582734111048066,0.0012222816561672388,0.0002958184432289465,0.003773779652952666,0.0008778326713983672,2.46975948232626e-05
45,0.004182996446955887,0.00016132886905726278,2.9930668489145095e-06,0.0026763851949380434,4.548824200695547e-05,0.9872241540546637,0.001495452223343295,0.002588135706696544,0.0016230660967668012
46,0.0015390588036466636,0.8231025030972994,0.11991996597096231,0.038148502256789,0.00033838527889383567,0.001356873855858607,0.01473271192000428,7.154499232870367e-05,0.0007904537419069108
47,0.00020507548892498685,0.6336521370852395,0.22168410075787726,0.13636066494235455,0.004574184090999631,0.0006202411128291066,0.0014998655364197257,0.0009354365162600156,0.00046829440573005135
48,5.3512413963386524e-05,0.941358073722589,0.040149544050624736,0.015409235523870331,0.000747109327873217,3.072130358337648e-05,0.0021415183721025417,5.0651470984032455e-05,5.9633720273634725e-05
49,0.0006822283956728294,0.6398538751306054,0.32888434281543305,0.021936973606636975,0.00021278483335743264,0.00018514153634633076,0.008127159634017684,9.98760559720564e-06,0.00010750637834773703
50,3.406127991356043e-05,1.786231682564646e-06,8.683617335409853e-07,7.011982559817437e-06,4.5015243460101255e-06,0.9996799506730992,0.00021522161611404938,4.649213733176752e-05,1.010609325145449e-05
51,3.729020701701811e-05,0.8766698686260086,0.09946103916706227,0.021037765555320234,0.0012572474653328224,7.072649133664588e-05,0.0004003609568033116,3.732008324506254e-05,0.0010283813602069629
52,0.0014599641853271445,7.628277963960216e-05,0.0001242478862381663,1.0867876256876047e-05,0.00012245589507871944,0.0050175284610378575,0.00040138095459383487,0.9910625729368748,0.0017246989258466504
53,9.488105830074614e-05,0.9513882750402385,0.025786057584495745,0.021282430847558518,0.00028872379429110685,0.0002458023807023881,0.0005480933624831102,7.046552146992917e-05,0.00029527031532096767
54,0.0006763722394396075,0.5392816411275786,0.29866064202768866,0.1304265561421532,0.0005651190820103165,0.0008308422463544652,0.02817788925136973,0.00023442084909458094,0.0011465169803826557
55,0.00117966954942164,0.5441466971547073,0.34883257684782704,0.10146684572486529,0.00047314662971483597,0.0004090160611322358,0.002770584411742966,3.0005515221622878e-05,0.0006914580509522698
56,0.0005421956217606746,0.49707659841526197,0.4540959764544091,0.003309411568163291,0.013954610992625578,0.0030791887772330193,0.017075438518338037,0.010837158472353085,2.942113014763652e-05
57,4.2117260731542805e-05,3.5188862042685897e-06,4.1918647756260694e-06,1.0367166308839925e-05,4.2288930529218104e-05,0.9990589356194756,0.0002796397939106693,0.0005061410821905659,5.279929596774595e-05
58,0.05079403174749079,8.910014335478742e-05,0.00015162633421874025,0.0006111398435768338,0.00010066612204511132,0.007229190366085729,0.0004017770901521317,0.0006340459730610308,0.939988422286016
59,0.008814146000854593,0.0008131472357861128,0.000238736598180007,0.0019435416754003492,6.229174032669763e-05,0.007125401476246602,0.0006089238537588343,0.0009145237550299777,0.979479287566469
60,0.010942126554545059,0.00013320165371903244,4.972468393242415e-05,0.0006927382993898091,8.836493215006334e-05,0.8302845942349582,0.004205324459492002,0.09194509882670018,0.061658826272084716
61,2.5481579947741545e-06,0.9335239758156377,0.0628304858801141,0.003177297448493216,0.0003267631263686945,2.6736566357414395e-06,1.5093941845509369e-05,8.634748089904101e-05,3.481439865888026e-05
62,0.14057325559562137,0.006599625153944712,0.0003149721324207108,0.0008066652431701608,0.00270190692945334,0.0010194341144966182,9.072078664184724e-05,0.013361836720307625,0.8345315832404905
63,2.8723632731334672e-05,0.3274710913173451,0.5776330804138081,0.09027607656553069,0.0009873771777548321,0.00012009596324558251,0.00228370110782546,3.104866815571378e-05,0.0011688050958398321
64,0.002613308027565708,5.447354092560302e-05,9.733928402447505e-06,1.0550981894477832e-05,5.194428323915028e-06,0.002262005785995671,0.000247505638762431,0.0001626823151539723,0.9946345452535122
65,0.0020156646477165704,0.2892277976299873,0.38290589968527605,0.0006455335688361966,0.005370076758407212,0.000831358883907646,0.021851972948803616,0.2969255406408968,0.00022615519787802234
66,0.008270873050328397,0.885178527106416,0.017305514973243476,0.03571983908863431,0.001462685149170604,0.001522618537484173,0.04874271545378292,0.00014781150535007106,0.0016494150470720466
67,0.002829273859713992,0.3063837485068767,0.3858457352266602,0.23219545761516514,0.0004647783193257141,0.0013369589607989077,0.07039030430715504,0.00010129609305320388,0.00045244707266636834
68,0.001006866522960641,2.8585550225175946e-05,2.7161726406852167e-05,9.796190896340824e-06,6.359816961501887e-05,0.001235766260282989,0.0007941001528250144,0.9959170166493593,0.0009171086778369945
69,0.001243988013968109,5.186867803241136e-05,7.4370673794651344e-06,0.0015318976194666953,2.3916906380443484e-05,0.991939677037267,0.001890485672296973,0.0011739608148958827,0.0021367680911191884
70,7.533093854055193e-05,0.5086833367723376,0.35923944664465374,0.12635691992015796,0.0006925534448966894,0.0003045818873393099,0.00405678887126091,0.0001369717513539147,0.00045406971859098016
71,0.0005528438738363743,0.004331647376217883,0.0009618616649452438,0.0015701655282142001,0.9895408244749002,0.00018257615740583592,0.0007719327844475939,0.001713641276425846,0.00037450676465269965
72,0.0013621515842119254,9.789082224742823e-05,6.8527830892154215e-06,0.0012734623555537084,0.00021523825145697216,0.9857883303996315,0.0052003014862604165,0.005761170401023689,0.00029460181794606984
73,0.0021344257136673705,0.00012298970866652203,1.923606312100906e-05,0.003002095916783681,4.6801782691436106e-05,0.9783843149207038,0.008175705955961938,0.003034520475021897,0.005079909365544154
74,0.0009443642809453714,6.8571501663059365e-06,5.527643406257275e-06,7.478113945783368e-06,2.1957186350979146e-05,0.0001876559803105754,0.00018863680995946205,0.998175288306407,0.00046223442869086466
75,0.007066140350750869,0.006937568189368151,0.002442570110302262,0.13145505275027122,0.7753998835249313,0.02643567387991595,0.012840278142464545,0.033379606639263516,0.004043226335192159
76,0.0005412830669172918,0.29349745193246213,0.34646347572405317,0.3546730847820937,9.798268034067194e-05,0.0004263985199759751,0.0032799916468113427,0.0002098298509665864,0.0008105017609118771
77,0.0013379855146024348,0.00011659112796645797,4.149518679912084e-06,0.002210649389274656,4.556159079522891e-05,0.9920814710933218,0.000731835571689387,0.0018599592042691019,0.0016117968901927394
78,0.00040132665750016214,0.020938836202693722,0.0023931386619324793,0.0008208484674631221,0.9721695876503315,6.514233008604718e-05,0.0005577913603067951,0.0021538215030471202,0.0004995070694220719
79,0.19094726147082358,0.00034852135941447785,0.00040449511325515476,0.0008158181633549353,0.0005878755860072978,0.11102460281195176,0.14741050677878634,0.5422123648009617,0.006248553861223594
80,9.602035117142727e-05,0.8609552877955851,0.09819176843502732,0.04035237222713869,8.819252526426357e-05,0.00011809029686267205,6.840398728567422e-05,2.755379047634451e-05,0.00010231050509303614
81,0.001910479917937277,0.5312088919619754,0.1423735504366032,0.015764777199272967,0.27795763763289505,0.00046933768393185484,0.016849941257128583,0.008583323401661291,0.0048820604554734555
82,0.010806164162372766,7.245612275990253e-05,0.00015451306676049213,7.372869136811466e-05,6.203439486580335e-05,0.0003268974201482322,3.816094655113952e-05,0.00042855323396585204,0.9880374918624039
83,0.0004431540861612106,0.9794015256975395,0.010382669767631355,0.005196772576027183,0.0016237676286534098,0.00015585889910431767,0.0005717929999216094,0.0005464781118292821,0.0016779801351919383
84,0.007405494285239863,1.8028816463157476e-05,6.246383449956957e-05,0.0001689756781564913,0.00017412843838954457,0.026843255786054204,0.0001614541955121802,0.9588774383509446,0.006288760518852721
85,0.0058859129343441,2.9663525618173562e-05,5.018131156692685e-06,9.429953851188392e-06,6.589475609934363e-05,7.950844442517183e-05,0.0003810897998879042,0.9929183970314933,0.0006250853238324464
86,0.00202332980728777,0.00032252239872732953,7.493073568585305e-05,0.004176011037270669,7.2919797383734016e-06,0.9850048089344775,0.0022419751514124705,0.0005300414130634365,0.005619088443836097
87,0.005288637017663737,1.9767994925768974e-05,1.1094331422284256e-06,4.00466099731438e-05,4.712582484389191e-05,0.0003275174573501865,2.409017973984097e-05,0.9940047782714684,0.000246927111492268
88,2.6671262785222784e-05,0.7979698803874044,0.07260209401124804,0.12736350257630077,0.0004344285709573121,0.00011133894947346786,0.001195519139929658,9.787230225337137e-05,0.00019869271985069415
89,0.00415888544212252,0.8752122794730984,0.0379481154529822,0.048891962355928874,0.001586072785074682,0.003485579109239665,0.018351474244923165,0.0015674722003787374,0.00879815884873047
90,0.2442469137127686,0.0003232755490020046,8.61833063457626e-05,4.782224056363471e-05,0.00021705192225403224,0.0008816303419736741,0.00011555270860742275,0.010647691701077804,0.7434338784430637
91,0.11091380900370186,0.0005393878783394054,0.0003337206299262342,0.0006356799789482084,0.0022295002433395266,0.001441749718633995,0.0002947336129175677,0.08570561585864919,0.7979058029957534
92,0.00015185322152653404,0.26876915554133596,0.724194763111997,0.001696447817318352,0.000883407716460179,0.0009834223075408078,0.0016975282905750855,0.001592402876658578,3.101904416806282e-05
93,0.0036000373179078836,0.19000176970122867,0.6481166118521594,0.018965815290355504,0.0003337895247338333,0.002974165478787979,0.1358310174107541,8.123490522728446e-05,9.555845403372019e-05
94,0.000527827040745201,0.5704641148360216,0.20507336907813137,0.09929498398028083,0.003250647861000967,0.0014327248458215521,0.11897609227800136,0.00033525689664933543,0.0006449831263014742
95,0.0009781568480321022,1.898108661730272e-05,5.8929352610921486e-06,0.0003086210405789755,2.214072921467386e-05,0.9945471406058313,0.0006535657959353079,0.00325787986091804,0.00020762099815629763
96,6.453326907458046e-06,0.5530693783367301,0.42416275049711094,0.017801315225673353,0.002059752104930698,0.00010516309470985813,0.00012493180033680532,0.0007175665125939685,0.0019526890456998903
97,0.000320106388269701,0.8582209610545337,0.08382131311729019,0.047123815147379094,0.0006083330295602156,0.00025273578235002653,0.00843243322656842,0.000558003331582692,0.0006622988366437279
98,0.00031150148478542296,0.0013752563382613764,0.00041244882894455915,0.0007460075158436264,0.9950440470529637,0.00018390522636962757,0.00041202782239740894,0.0011894563708721387,0.0003253492600579016
99,0.0026637043185675988,0.38537372928463903,0.4124085011687379,0.09110820419029016,0.0011183412332986464,0.0012526597233408247,0.10527409115750427,0.00017209678260939838,0.0006286720997713627
100,7.797538347071591e-05,0.5441967184790538,0.4379970006869984,0.014561944536163088,0.0016697198526318636,7.761827399940885e-06,0.0008916165370996936,9.886293903137149e-05,0.000498399703731406
101,0.0003820901303429782,0.9865095382593588,0.006801119966519014,0.004411660367226745,0.0006007338300978422,0.0005515775338471087,0.0006253722501376693,1.6388299880486985e-05,0.00010151926393829013
102,0.00971264753616829,0.0007280316191026875,2.0925343292594357e-05,0.009032821497217429,0.00013474765711246094,0.9698246279460321,0.002987378348448119,0.0039186712364408325,0.003640148719202906
103,0.00036490553260772507,1.0083445765871806e-05,8.484255708930457e-06,0.00025346629272682503,1.0325952000401485e-05,0.9970327023115406,0.0010299166693713722,6.632471960933993e-05,0.0012237907209656416
104,0.003754804296598423,6.695061172688017e-06,4.793642534623878e-07,9.493742715404695e-05,1.7566476887854012e-05,0.985278300565551,0.003265618831004238,0.007113548165020207,0.00046804971383023695
105,0.0008048629620515256,0.10624285527824111,0.023320854954922,0.8348578871685055,0.00013689809524753196,0.00673865133731967,0.027519098062941193,0.00012185161893422883,0.00025704043835155877
106,0.04144342474121328,0.011353269666043643,0.0018667659942489662,0.029542177940966575,0.0010279997495483229,0.8268303140046647,0.021878551267385752,0.033741837552799345,0.03231565900044645
107,6.647294828003964e-05,5.967714718786291e-05,5.454216925156738e-05,0.00017942860932499972,4.1801731742876174e-05,0.9975617928339324,0.0017801869507458464,0.0001414708787460138,0.00011462663103205846
108,6.931135226696508e-06,0.4429552086689863,0.5088130987549468,0.04552639591162553,0.0001415282178151139,0.00029493917614681385,0.0021470834228642386,3.805048416688772e-05,7.676417734029295e-05
109,0.03568684240969919,0.001895519995738941,0.0013944608815565688,0.005424256058775752,0.0015321837038614978,0.7647286458694008,0.12990224340875356,0.059268724726546075,0.0001671228691946204
110,0.0012667252638555112,0.00796583624664825,0.003680487865572868,0.00410360594975967,0.00021597176262585027,0.4742855491787348,0.5048941070028746,0.00348809620143206,9.962047800694457e-05
111,0.0007554422560283016,8.990826644448575e-06,7.464283747649201e-07,4.055509032665222e-05,8.777415099209225e-06,0.9965411399234201,0.0014679608094106972,0.001005450357854476,0.00017093679318710682
112,0.00041788147638775145,0.03112988393783641,0.0020718839088971707,0.011220679501322703,2.5593734728977173e-05,0.9211725035812801,0.0017382903284016988,0.006189315409774526,0.02603396802925372
113,0.0007424740309612086,0.11541877696755486,0.08915426379810502,0.00018865566296764143,0.002531031597314149,0.0006918292596266247,0.005446214013457918,0.7855964101563153,0.00023034443513747442
114,5.835798384065805e-06,0.9519104620621133,0.044157988028796745,0.003297623641388243,0.00046373019323489584,1.59641208148297e-05,1.5256741880832479e-05,0.00010495829104410046,2.8181027152052938e-05
115,0.0017803508400453787,0.3527134726697556,0.21105878146479803,0.2195502703504507,0.0012782417031713064,0.010922881547934513,0.2019502862015339,0.0004300612366105316,0.0003156539504285747
116,0.0003832279073306374,4.41261482835476e-06,9.144195964402528e-06,0.00018338767395106385,0.00010593277794624746,0.9984759102161298,0.0005332740654282479,0.00018110681601214387,0.00012360363256150073
117,1.505620025728907e-05,0.9567521376137791,0.015099982619290003,0.02750684192492018,0.00024469852854062626,0.00010583538807481506,0.0001303734262489257,3.9704552276968953e-05,0.00010536965093676112
118,3.337746150342426e-05,0.8400875409690556,0.1154735295850341,0.03811926372910429,0.0009663023843790878,0.00030574133576574263,0.0032419997651420853,0.000613112140275708,0.0011591325457310688
119,0.00040473308082282717,0.2728959268099598,0.693012055344624,0.02385421794074939,0.0005267581061285686,5.939970841751976e-05,0.008609999526738884,4.2994336198659964e-05,0.0005939150770591447
120,0.00013417978470882898,0.8518548979618042,0.12105053106617054,0.023558902860814034,0.0006943478867278834,2.002494917933535e-05,0.0018951151485154263,0.0001293704933805946,0.0006626297635135015
121,0.1743037646104262,0.02203784337155321,0.026704496328746035,0.0008703339975408454,0.000527661707513604,0.0036812561774110337,0.5315851734766774,0.21819635879868582,0.02209311147828743
122,1.1311282419043127e-05,0.8920605503563699,0.10194531462231515,0.003229629069794803,0.0001759626922393544,2.255981256137053e-05,0.002477464872137881,8.078347402810962e-06,6.912885555362319e-05
123,6.810932504066286e-05,8.68576793156864e-05,3.808243919828954e-05,0.0002861516571533274,2.925175343178586e-05,0.9980775913286419,0.0012009566155128393,9.471866370840415e-05,0.00011828043818918955
124,0.0002284740328146836,7.77422763125589e-07,2.052951299015199e-06,2.3334756880633405e-05,4.59429973837046e-05,0.9992210338384412,0.00016620137723346605,0.0002129924667885936,9.919005647352177e-05
125,3.990621314002025e-05,0.00013836130019710612,0.00012871837215508696,0.0001741576794397942,3.9053765098674534e-05,0.9967977442849801,0.002413482871169172,0.00014031129069290985,0.00012826412344732973
126,0.008595868392824803,1.5121064788614975e-05,5.983460302866659e-06,0.0003111021308138682,1.8106867123749458e-05,0.9561660052281216,0.008586833774174601,0.0014150703924882243,0.02488590859374521
127,2.0224797812945104e-05,0.9302523496767038,0.060213400827407705,0.00794240383439989,0.0009285420750319918,1.4195036204588539e-05,0.0004663509561887383,0.00013001999260022325,3.2512710624957265e-05
128,0.0015734734842188217,1.756215592776296e-05,1.199503999680978e-06,0.00015209765803990682,3.440863251063989e-05,0.994636363032543,0.0014555294641653317,0.0018411255943552355,0.00028824037477580635
129,7.331521193784622e-05,1.3286894325386914e-06,1.5253441303208546e-06,1.8233622860509944e-05,2.609958260507609e-05,0.9996132651812424,0.00015076558277706095,6.768130915506342e-05,4.778537589760042e-05
130,0.00020411614376786863,0.7879827411126734,0.1496104557875974,0.00013765258933727596,0.00041569207037001906,0.041913719698173604,0.007762675177106276,0.005495090417047688,0.006477856925128255
131,3.065202036883662e-05,0.9384805799078567,0.050771609067466236,0.010369949189166953,0.00011520272830324634,3.3583442882942844e-05,4.949960812677934e-05,7.472506860361434e-05,7.419887337666915e-05
132,0.00020746607513714586,0.9220857430666879,0.04736498743058763,0.029120434023212446,0.0002196102441598182,9.465005580135133e-05,0.0006314069380201499,2.0414143370008334e-05,0.0002552879308148827
133,5.265103389580276e-05,0.9567559395670979,0.0342745444554766,0.007183009634243849,0.0009984766069756727,1.7935003036153272e-05,0.00045288730169826263,4.610563959699555e-05,0.000218450662302925
134,2.1525519299616476e-05,0.8201131873278428,0.17770790355591914,0.001802973310092104,8.953461261709333e-05,8.95547018750723e-06,9.341796335629147e-05,0.00011840861652001544,4.409354215426117e-05
135,4.96497881024801e-05,0.6816588301324339,0.03367664710289977,0.28307555500548404,0.0003527706008933995,0.0005987378739219572,0.00034918512787296353,0.00013701037757199468,0.00010161392265360905
136,0.0021168607400764944,1.9231811972675405e-05,1.7869954760714707e-05,0.0011310338059835844,4.1390593327735286e-05,0.9751999105892953,0.0011506072110274888,0.0008395245277117011,0.01948357066832427
137,0.0014131518231301676,6.331704045843276e-05,0.0002651602064872269,0.00019801519687100404,0.0006093145353150675,0.9139313789886484,0.07761826480319961,0.0039541680516499535,0.0019472292628471386
138,0.18209193520599226,0.0005768767531216303,9.899346774265318e-05,0.00045702215037378945,0.0002340226089232426,0.1876081881969246,0.004662711594207825,0.0028500423766650053,0.6214202075839069
139,5.667232481017065e-05,9.713461766554535e-05,0.00018815401114633424,2.3121620451968938e-05,0.00011827287348357156,0.9983338855866372,0.0005969455402538189,0.00029772154862827067,0.0002880917770897023
140,1.3594080564589472e-05,0.6520273888299821,0.3144423788017379,0.030640343276676904,0.0019765441587268257,6.224105228272131e-05,0.0005390490504460907,9.479333257943263e-05,0.0002036673518007062
141,9.729872174415774e-05,0.030535660208335615,0.4638551656519844,0.048265097789469795,0.0005515450011603656,0.02071986622057169,0.43427177164800534,0.00025148874628800087,0.0014521059660551087
142,0.09139809161725919,0.03411878572454708,0.029712078594166653,0.05712726726655839,0.0021171377481651278,0.4298375060414827,0.20588991169995818,0.14938112132868023,0.00041809993619873877
143,0.00011765472303106756,0.16129500690483212,0.8322584320708266,0.0007703277291883474,0.0008349349928359014,0.00019153409057551032,0.0035700622728610733,0.000934326872198316,2.7720260425144867e-05
144,0.0021558583278769748,0.00011645902258751731,3.0460140213816912e-05,0.0009875622601980192,2.9832272419343985e-05,0.9730372343601195,0.019826547678380137,0.0009167578912656937,0.002899287949635456
145,0.01689631505764886,6.281368625364065e-05,3.01184849145981e-05,0.0004932632247255891,7.69082069760537e-05,0.011169798038543434,4.363353182105764e-05,0.967298601845564,0.003928547826822892
146,0.027740776842227057,2.0601721910253742e-05,3.253731624499764e-05,0.0007916209738604886,0.0009868503104150561,0.020339988133092797,0.00262281730733723,0.9286796208917351,0.018785186410309133
147,0.0006745905827839297,0.8179280899902784,0.14509404176504662,0.02255605148488448,0.006551585816653178,0.00046544162967311625,0.0011093220579932942,2.37038185557195e-05,0.005597172772338391
148,0.002757460976111291,0.7375242299707446,0.1248024702436243,0.11108169544463366,0.0006084379962582286,0.000267352090734429,0.021208370233783892,0.0001662841037953922,0.001583698866561867
149,0.00012854537026399664,4.355112201289073e-06,1.7908825934705994e-06,2.4460741860930457e-05,1.1694839104724174e-05,0.9989924365083094,0.00022037830050410096,0.0004892355198700241,0.0001271026253930439
150,0.005180256480506899,0.0001648496413481184,1.4899599582600001e-05,0.00622608850308655,6.510048603405667e-05,0.9718024795793963,0.004797128801549548,0.003409996820840552,0.008339199990475289
151,0.00026656688627664277,4.797317116192887e-06,4.79146073729919e-05,2.1907319241317737e-05,0.0003180137559750082,0.9973394715313703,0.000192229298905762,0.001262584401350693,0.0005465147826572255
152,4.429667459914819e-05,2.78959211554859e-06,7.989667242263044e-07,1.1743598885575213e-05,2.6687566728096052e-06,0.9996660514243723,0.00021496391673583783,4.440763207453432e-05,1.2279337853491618e-05
153,0.0016305401004174903,4.122305121493328e-05,1.986039030109133e-06,0.0005646113689497021,4.7349878839318434e-05,0.9903898756269451,0.0006054855680294723,0.005451234955891295,0.0012676933116435956
154,0.18131239587141926,0.0029847565163595166,0.00012649164091812766,0.0021406512555951648,0.006136014045246699,0.3028805064201687,0.0036333598203252666,0.061324661817818135,0.4394611625682029
155,3.087595227671689e-05,0.9267703686349607,0.06022056288902896,0.011687907344980009,0.00013910908109930487,8.867639122993336e-06,0.0010685084289634283,1.697112542686076e-05,5.68288114638659e-05
156,2.2538077815326228e-05,0.9584613785754073,0.031819512775580476,0.008230463725275123,0.00015490301757090195,8.924891060407805e-06,0.001225176297967421,2.3341162518998746e-05,5.3761380958095896e-05
157,0.00012743271288644754,0.6440153705517027,0.046632945101884295,0.3018499722168903,0.001591060661914501,0.00038192305988266436,0.004160519238139196,0.0006937266383160497,0.0005470497539823098
158,0.00048571091647278664,0.5632319138041717,0.26867241842554573,0.16476773679480877,0.00011578945867035552,0.0009696688554534798,0.0012326037768737373,0.00015221046555280752,0.0003719474461275371
159,0.18189187456272676,0.011156937195945673,0.0006159252531240583,0.001748471940617033,0.0006448746294206229,0.6214476674217236,0.015982005281721372,0.08784459004942095,0.07866765360315514
160,7.266634854609918e-06,0.9703141879887894,0.025640015845426467,0.0035029960245593146,0.00010924856530508121,4.141823777387282e-05,0.0002733508920704921,2.795889385450438e-05,8.355682033479583e-05
161,4.8954083069841295e-05,0.6534251869437845,0.33493123432818633,0.0014072451070537685,0.000559782299663177,0.004623420573939675,0.0005506514684614328,0.004395932350619715,5.75927798790645e-05
162,4.150919994000108e-05,0.5424882603428522,0.37947308286103976,0.07527840624355533,0.0004913234481732922,5.164537119852432e-05,0.0019945199570196533,3.353569504009855e-05,0.00014771682693235264
163,0.0038246201334797805,0.7680840363476983,0.06603985698286617,0.1597593082321653,0.00032923595850093437,0.0005475577189059126,0.0007935914593261638,0.00022483209104094134,0.00039696099920822573
164,0.004930458990551251,4.7628208707767416e-05,2.641543364485885e-06,0.000228584590103021,6.188907629611799e-05,0.9754798266204006,0.012739091314444425,0.006085253515558459,0.00042462604302605066
165,3.161839453587378e-05,1.1798364781160505e-05,7.807047885597709e-06,1.1936302623825649e-05,0.00010718600224509235,0.9977767881225306,0.00023649549506582807,0.0017623331847641387,5.40369857901689e-05
166,0.02227598240922406,4.49843060255327e-05,6.131646185797543e-06,4.7778565962124055e-06,4.664924396135048e-05,0.00033688708829966284,0.00041882609582240726,0.9759200331186023,0.0009457281376907193
167,0.0005063323138162263,0.311478685600602,0.5035964246164812,0.026884434278768694,0.0007174241650120185,0.004514627434129429,0.15201066777717437,0.00014863680126377563,0.00014276696239257078
168,0.000653641741968631,0.49683214091355643,0.48487120229739333,0.013836393260279327,0.00030247682737615666,2.2290594381447603e-05,0.0032781641071039018,2.308323547697158e-05,0.0001806069727803499
169,4.8495438983622655e-05,0.6774318548157089,0.2782590159932754,0.043110885973312245,0.0002717875155682369,1.841008618927009e-05,0.0007437759929245578,1.3914676726207582e-05,0.00010185943956834903
170,8.79806360757631e-05,0.919078323399676,0.07402738800025124,0.005906557098106259,0.000349557526381142,3.3610170063209756e-05,0.00034009501584918145,3.2213688595892554e-06,0.00017326669282972644
171,5.996358386686778e-05,9.144939780320879e-07,3.208389660130746e-06,8.903488401285363e-06,9.119789248271271e-05,0.9994829980820965,0.0001796992219209975,0.00011087967544470641,6.223507220017027e-05
172,3.14190642740831e-05,0.9100215457097071,0.07816650319058346,0.010505649454298476,0.0002508417955308369,1.0410480112710592e-05,0.0009199214876489261,1.3410544635275153e-05,8.029818220677043e-05
173,0.0015982120880850947,0.5114480020619582,0.3077605670812731,0.15472038860278542,0.0006166517247971109,0.0006316035404861684,0.0224958608326038,0.00025560937920850223,0.00047310463765776043
174,0.005307167273734824,0.6541390873301262,0.23825171321970348,0.04022335616788538,0.008590388552294232,0.0026624800153917786,0.049994929553484994,0.00038876228600148466,0.0004421155359638734
175,0.002493749122407942,0.0038539878955887548,0.0004424751997922447,0.002288867545712372,0.9821995829293065,0.0002705341141686761,0.0013951068785677033,0.005485504219063439,0.0015701919971723175
176,0.001624692022934632,0.015501397095140675,0.0019796391464408044,0.0023489047389015595,0.9707860474499294,0.0004993356335413684,0.001864808091461868,0.004111438336287516,0.0012837373882837308
177,3.6570037860944046e-05,3.732048614187752e-05,0.0010687136428143141,8.170502074225837e-05,0.0001598897397279115,0.0007215649945652245,0.0003523167661716767,0.9972386366438107,0.00030328256844110044
178,0.010713437813170803,3.835776609024839e-05,4.053397196532458e-06,0.0009782454056191526,5.245345099262769e-05,0.9540309513146309,0.008557077764463645,0.014042182013465231,0.011583240978967773
179,0.008498969168960108,8.324679910505347e-05,0.0002152566495455744,4.2520267323496e-05,2.5000621601326463e-05,0.006039608757625487,0.00027221630364943246,0.00031376757498825623,0.9845094137587502
180,9.875185146196431e-05,0.2138916299838241,0.018446464559136493,0.7578689086587536,0.0015730470613578192,0.0011056987745800984,0.004772557366887831,0.0020100742063165256,0.00023286746189457637
181,0.010178597128962593,0.9097122467419164,0.04046554534366403,0.0004058311793501815,0.0015538777810856674,0.0011207738755581733,0.0014426464161680598,0.007052713365725812,0.028067768076597843
182,0.0001274835984406218,2.8706806331720974e-06,8.181214794878722e-06,8.009816111408898e-05,0.00023944817769416796,0.9987733895152068,0.00038846620800060336,0.00020227651279138635,0.0001777858314468917
183,1.2082183505530879e-05,0.87647182197075,0.11576497797218836,0.007298380466462684,0.000225863852560635,9.039643004097413e-06,2.3995614720320995e-05,0.00013138160537070058,6.245660379028878e-05
184,9.074150727549455e-05,0.8247371205757761,0.1406318634720626,0.030353759128259085,0.0012522246176010397,1.1885339928314594e-05,0.00019639846717244943,0.0026923472820237883,3.365952742760379e-05
185,0.011324770726017877,0.05327559999423761,0.1736238226391324,0.004622318682424774,0.001815493916557916,0.0662406001022691,0.5270492593839894,0.0729577916334835,0.08909034286918248
186,0.0006209215921106293,0.5928188973032958,0.3121721882021852,0.07159429551940541,0.0002906205219516404,0.002281367822135802,0.019297520346443383,0.0004951291619541845,0.00042905947123614193
187,0.0004542479041976612,7.172241657535325e-06,1.274684563134903e-05,9.144221414058374e-06,0.00010031127339326642,0.002903455913695652,0.0010254639170473798,0.994614180691209,0.0008732768922925727
188,6.170560413981755e-05,1.2753497846558159e-05,7.744770510986976e-06,1.1252279377379206e-05,0.0001326789920992826,0.004160789767347746,0.000771473825461419,0.994308679166645,0.0005329219971410339
189,0.005500301811832561,0.00035300190735314605,6.746376745906448e-05,0.0061585044967038165,5.724449783872672e-05,0.9787353096898572,0.0006761042043986036,0.0013083710388943556,0.007143698487789077
190,0.003237255108043047,0.7321482025656797,0.22145473637644028,0.015015552071435468,0.0015884350235489705,0.000943128445569454,0.025326505883741354,6.342872308457905e-05,0.00022275572924229003
191,0.0029769892182069722,2.397550852093367e-05,1.0973712634689222e-05,0.00012477915268330498,7.674953870130735e-05,0.01801452650145098,3.381466380610064e-05,0.9784234680295167,0.00031472357663666343
192,0.002245732284387177,7.924003852918527e-05,0.00010959782247246547,0.002561098015367438,0.0001642739754370743,0.94259192672172,0.0004946182480030629,0.0031115922618507033,0.04864192053797355
193,6.785003415339757e-05,1.8655850043097013e-06,2.7773265051990265e-06,2.7214473743921612e-05,2.3993401187829298e-05,0.9995254886743641,0.00023150664332458837,5.957491553620159e-05,5.9728846227915745e-05
194,0.00011840320654151201,0.23032271522892594,0.758016301852495,0.002219180069650251,0.00047316289086226276,0.0007102866097904724,0.002228732849148567,0.005862195093775935,4.902212300835562e-05
195,3.922299790912709e-05,0.24265996373194915,0.734559663959412,0.018865673862427528,0.00021146969845698262,0.0001584831097141702,0.0030238752104795453,0.00018957437980756864,0.00029207297638800673
196,0.001304145437327185,2.2937968194556196e-05,2.494023498899533e-06,0.00010600310874086459,9.340634708454999e-06,0.9900764157370265,0.006305132609874342,0.0017962431377129334,0.00037728724390866006
197,0.004740597915716923,0.00015184179606115376,7.563596882133406e-06,0.002178477986987453,0.0002484915615892001,0.971983756241111,0.010221920710151357,0.009603488239603516,0.0008638618546989501
198,0.010533962193665708,0.0004163832348398809,2.3778238429122005e-05,0.005559307698077528,0.00014032034662137433,0.9655226554760502,0.009531340613106202,0.003125468249621123,0.005146783853036604
199,0.0033145980549094765,0.7628257880053156,0.04059321234616861,0.13008560938442645,0.019836836999090567,0.0005655792157578576,0.007334419764731408,0.0010378782739181326,0.03440607787939911
200,0.00034882115854435015,0.9423608414487055,0.04125123502321142,0.006546222789222028,0.0025176419069032696,0.00018899646660911482,0.006298218394138656,0.00019607885298630475,0.000291943865443162
201,0.00017247686098433214,0.0027253533800099517,0.0008048270814605694,0.0006906031496075326,0.9942422487277881,0.00018598843015008457,0.00032507428155065325,0.000710601746447527,0.00014282624257696988
202,5.774331763493315e-05,1.4864949760492464e-06,5.693319567020252e-07,8.368114433004212e-06,5.59884259375947e-06,0.9996706592562586,0.00015759373490434458,8.52772956068434e-05,1.2703511668519095e-05
203,0.0008963305083616076,1.2862425363471103e-05,4.849929386534837e-05,2.9697915708552544e-05,0.00017892990644013292,0.0012616044503728134,0.000625146248723222,0.9963088127808591,0.0006381163706747928
